name: honesty-store
channels:
  - conda-forge
  - defaults
dependencies:
  - absl-py=0.5.0=py_0
  - astor=0.7.1=py_0
  - backports=1.0=py_2
  - backports.weakref=1.0rc1=py36_1
  - bleach=1.5.0=py36_0
  - ca-certificates=2018.8.24=ha4d7672_0
  - certifi=2018.8.24=py36_1001
  - gast=0.2.0=py_0
  - grpcio=1.14.1=py36he089993_0
  - html5lib=0.9999999=py36_0
  - libprotobuf=3.6.0=h1a1b453_0
  - markdown=2.6.11=py_0
  - mkl_fft=1.0.6=py36_0
  - mkl_random=1.0.1=py36_0
  - mock=2.0.0=py36_0
  - openssl=1.0.2p=hfa6e2cd_1000
  - pbr=4.2.0=py_0
  - pip=18.0=py36_1
  - protobuf=3.6.0=py36he025d50_0
  - python=3.6.6=he025d50_0
  - setuptools=40.4.0=py36_1000
  - six=1.11.0=py36_1
  - tensorboard=1.10.0=py36_0
  - tensorflow=1.10.0=py36_0
  - tensorflow-hub=0.1.1=py_0
  - termcolor=1.1.0=py_2
  - vc=14=0
  - vs2015_runtime=14.0.25420=0
  - webencodings=0.5.1=py_1
  - werkzeug=0.14.1=py_0
  - wheel=0.31.1=py36_1001
  - wincertstore=0.2=py36_1002
  - zlib=1.2.11=vc14_0
  - blas=1.0=mkl
  - icc_rt=2017.0.4=h97af966_0
  - intel-openmp=2019.0=118
  - mkl=2019.0=118
  - numpy=1.15.2=py36ha559c80_0
  - numpy-base=1.15.2=py36h8128ebf_0
prefix: C:\Users\Martin\Anaconda3\envs\honesty-store

